692.17584
50.437874
12.878386
3.1374876
6.246327
8.92703
8.9809265
5.7573657
15.824156
3.4164658
1.1306723
12.762456
0.785058
11.129058
12.995227
3.7267952
1.8498696
5.971902
1.8677248
7.522383
2.849062
5.996408
0.34049815
5.7912955
3.1406457
6.462757
3.8306572
1.5676032
4.4746795
2.824221
0.35205093
3.8621652
4.232535
0.91409385
5.4932246
1.1640563
2.1980977
1.7916533
0.84083027
0.27908793
1.4853115
7.340512
0.70736575
0.49023062
0.67987806
0.97536826
0.5787492
0.73322386
3.6435797
0.95056844
1.8477644
0.26880938
0.0907684
5.1907988
0.20744894
5.0870123
6.1842885
0.7081494
0.081560425
0.17858887
0.40718415
1.8986323
0.072173834
0.75509816
0.16852406
0.17995481
5.9176817
0.1741614
1.1549675
0.3401276
4.7688904
0.0652803
0.20779026
1.2848537
2.0049074
0.21438693
0.7747926
0.20206061
0.46023872
0.78464055
0.8144496
0.05923078
0.20530353
4.6388264
0.24134834
0.21118382
0.1326385
0.06912276
0.06647508
0.08359208
0.94338816
0.08873451
1.3561419
0.13296583
0.042907517
4.677733
0.07597508
1.7442404
5.3437533
0.25273535
0.09914379
0.22903441
0.044725418
0.50064814
0.037628073
0.06286054
0.010829182
0.026131589
4.23229
0.12504934
0.18467367
0.3544765
1.0187975
0.007433178
0.02697808
0.65188444
1.0812511
0.034012407
1.9150968
0.09825835
0.10599607
0.06653249
0.6097502
0.017549168
0.15056048
2.2630908
0.007789716
0.0343348
0.05870854
0.025555711
0.055504147
0.06998265
0.2595842
0.039244253
0.5835015
0.15999411
0.022250473
1.9059707
0.03357562
0.4319092
1.5903039
0.027600426
0.012192149
0.009111637
0.038623612
0.22258556
0.07831226
0.11040753
0.074809834
0.03792048
2.9665616
0.059032813
0.24273074
1.0172043
0.28764713
0.0035881219
0.01558791
0.029236412
0.367769
0.11344969
0.012774234
0.2094774
0.062981345
1.8847508
0.01575205
0.100116
0.22121313
0.75377166
0.007138968
0.24218377
0.08279598
0.00066109357
0.002391701
0.03369046
0.016586348
0.12896591
2.7932537
0.08775535
0.00526778
2.1533694
0.0026721752
0.6253416
0.43528724
0.006093197
0.0045024417
0.0061229574
0.0074966117
0.05222399
0.0435025
0.06797993
0.0018659912
0.08485015
1.1475681
0.47771296
0.021898586
0.06737155
0.0821564
0.0005829397
0.004719983
0.41954446
